 0.000000 1292.336792
 1.000000 1292.248413
 2.000000 1292.025879
 3.000000 1291.906982
 4.000000 1291.775879
 5.000000 1291.474243
 6.000000 1291.376587
 7.000000 1291.132812
 8.000000 1291.077881
 9.000000 1290.815796
 10.000000 1290.815796
 11.000000 1290.614624
 12.000000 1290.510986
 13.000000 1290.267212
 14.000000 1290.157349
 15.000000 1289.819092
 16.000000 1289.535645
 17.000000 1289.535645
 18.000000 1289.416870
 19.000000 1289.276611
 20.000000 1288.956543
 21.000000 1288.810181
 22.000000 1288.618164
 23.000000 1288.618164
 24.000000 1288.359131
 25.000000 1288.362183
 26.000000 1288.115356
 27.000000 1287.917236
 28.000000 1287.810547
 29.000000 1287.722168
 30.000000 1287.472290
 31.000000 1287.197754
 32.000000 1287.078979
 33.000000 1286.826050
 34.000000 1286.694946
 35.000000 1286.557861
 36.000000 1286.432861
 37.000000 1285.948242
 38.000000 1285.631226
 39.000000 1285.469604
 40.000000 1285.161865
 41.000000 1285.161865
 42.000000 1284.588745
 43.000000 1284.500488
 44.000000 1284.235229
 45.000000 1284.152954
 46.000000 1283.881592
 47.000000 1283.698730
 48.000000 1283.540161
 49.000000 1283.195801
 50.000000 1283.037354
 51.000000 1282.839233
 52.000000 1282.650269
 53.000000 1282.430786
 54.000000 1282.223511
 55.000000 1281.647461
 56.000000 1281.330444
 57.000000 1280.598877
 58.000000 1280.132690
 59.000000 1280.132690
 60.000000 1279.587036
 61.000000 1279.337036
 62.000000 1278.764038
 63.000000 1278.574951
 64.000000 1278.014160
 65.000000 1277.785645
 66.000000 1277.441284
 67.000000 1277.182129
 68.000000 1275.825684
 69.000000 1275.021118
 70.000000 1274.679688
 71.000000 1273.884277
 72.000000 1273.884277
 73.000000 1273.128296
 74.000000 1272.838745
 75.000000 1271.747559
 76.000000 1271.787109
 77.000000 1271.095215
 78.000000 1271.095215
 79.000000 1270.192993
 80.000000 1269.037842
 81.000000 1268.733032
 82.000000 1267.977051
 83.000000 1267.654175
 84.000000 1267.218262
 85.000000 1266.934692
 86.000000 1266.233765
 87.000000 1265.950195
 88.000000 1265.209595
 89.000000 1264.883423
 90.000000 1264.392700
 91.000000 1263.572876
 92.000000 1263.261963
 93.000000 1262.216431
 94.000000 1261.911621
 95.000000 1260.829590
 96.000000 1260.829590
 97.000000 1260.034180
 98.000000 1259.631714
 99.000000 1258.903198
 100.000000 1258.522217
 101.000000 1258.141235
 102.000000 1257.796753
 103.000000 1257.400635
 104.000000 1256.580688
 105.000000 1256.126465
 106.000000 1254.943970
 107.000000 1254.456177
 108.000000 1253.721558
 109.000000 1253.340576
 110.000000 1252.609131
 111.000000 1251.886841
 112.000000 1251.435547
 113.000000 1250.676758
 114.000000 1250.253052
 115.000000 1249.606812
 116.000000 1249.173950
 117.000000 1248.390747
 118.000000 1247.430664
 119.000000 1246.598511
 120.000000 1246.162598
 121.000000 1245.821289
 122.000000 1245.022705
 123.000000 1244.516724
 124.000000 1243.702881
 125.000000 1243.294434
 126.000000 1242.797607
 127.000000 1242.797607
 128.000000 1242.057007
 129.000000 1241.608887
 130.000000 1240.865234
 131.000000 1239.883789
 132.000000 1239.207031
 133.000000 1238.652344
 134.000000 1238.137207
 135.000000 1237.363037
 136.000000 1236.860107
 137.000000 1236.204834
 138.000000 1235.845215
 139.000000 1235.421509
 140.000000 1234.982544
 141.000000 1234.205322
 142.000000 1233.754272
 143.000000 1231.830933
 144.000000 1230.593384
 145.000000 1230.593384
 146.000000 1229.468750
 147.000000 1228.724976
 148.000000 1227.173584
 149.000000 1227.213257
 150.000000 1227.624634
 151.000000 1227.624634
 152.000000 1227.749634
 153.000000 1227.798462
 154.000000 1227.758789
 155.000000 1227.804565
 156.000000 1227.761841
 157.000000 1227.777100
 158.000000 1227.749634
 159.000000 1227.774048
 160.000000 1227.673462
 161.000000 1227.426514
 162.000000 1227.182739
 163.000000 1226.625000
 164.000000 1226.536621
 165.000000 1226.384155
 166.000000 1226.314087
 167.000000 1226.259155
 168.000000 1226.173828
 169.000000 1225.936157
 170.000000 1225.927002
 171.000000 1225.844727
 172.000000 1225.640381
 173.000000 1225.585571
 174.000000 1225.311279
 175.000000 1225.256470
 176.000000 1225.256470
 177.000000 1225.222900
 178.000000 1225.186279
 179.000000 1225.588623
 180.000000 1225.844727
 181.000000 1225.878174
 182.000000 1225.878174
 183.000000 1225.875122
 184.000000 1225.853882
 185.000000 1225.832520
 186.000000 1225.826416
 187.000000 1225.957397
 188.000000 1226.042725
 189.000000 1226.106812
 190.000000 1226.036621
 191.000000 1226.048828
 192.000000 1226.164673
 193.000000 1226.179932
 194.000000 1226.228760
 195.000000 1226.295776
 196.000000 1226.356689
 197.000000 1226.396362
 198.000000 1226.390259
 199.000000 1226.378052
 200.000000 1226.378052
 201.000000 1226.399414
 202.000000 1226.451172
 203.000000 1226.371948
 204.000000 1226.265259
 205.000000 1226.256104
 206.000000 1226.256104
 207.000000 1226.420654
 208.000000 1226.442017
 209.000000 1226.469482
 210.000000 1226.481689
 211.000000 1226.500000
 212.000000 1226.530518
 213.000000 1226.530518
 214.000000 1226.518311
 215.000000 1226.539673
 216.000000 1226.573120
 217.000000 1226.518311
 218.000000 1226.518311
 219.000000 1226.530518
 220.000000 1226.481689
 221.000000 1226.530518
 222.000000 1226.545776
 223.000000 1226.594482
 224.000000 1226.594482
 225.000000 1226.606689
 226.000000 1226.588379
 227.000000 1226.649292
 228.000000 1226.661499
 229.000000 1226.670654
 230.000000 1226.704224
 231.000000 1226.704224
 232.000000 1226.643188
 233.000000 1226.695068
 234.000000 1226.673706
 235.000000 1226.771240
 236.000000 1226.768188
 237.000000 1226.768188
 238.000000 1226.752930
 239.000000 1226.780396
 240.000000 1226.783447
 241.000000 1226.713257
 242.000000 1226.698120
 243.000000 1226.719360
 244.000000 1226.685913
 245.000000 1226.746826
 246.000000 1226.820068
 247.000000 1226.920654
 248.000000 1226.908447
 249.000000 1226.887085
 250.000000 1226.929810
 251.000000 1227.005981
 252.000000 1227.207153
 253.000000 1227.365601
 254.000000 1227.533325
 255.000000 1227.533325
 256.000000 1227.719116
 257.000000 1227.856323
 258.000000 1227.877686
 259.000000 1227.987427
 260.000000 1228.148926
 261.000000 1228.170288
 262.000000 1228.219116
 263.000000 1228.078857
 264.000000 1227.877686
 265.000000 1227.993530
 266.000000 1228.136719
 267.000000 1228.322632
 268.000000 1228.322632
 269.000000 1228.331787
 270.000000 1228.359253
 271.000000 1228.468994
 272.000000 1228.456787
 273.000000 1228.502563
 274.000000 1228.505615
 275.000000 1228.533081
 276.000000 1228.560425
 277.000000 1228.545166
 278.000000 1228.560425
 279.000000 1228.554321
 280.000000 1228.590942
 281.000000 1228.630493
 282.000000 1228.606201
 283.000000 1228.526978
 284.000000 1228.557373
 285.000000 1228.645752
 286.000000 1228.645752
 287.000000 1228.661011
 288.000000 1228.642700
 289.000000 1228.609253
 290.000000 1228.682373
 291.000000 1228.810425
 292.000000 1228.840820
 293.000000 1228.846924
 294.000000 1228.840820
 295.000000 1228.856079
 296.000000 1228.642700
 297.000000 1228.609253
 298.000000 1228.694458
 299.000000 1228.840820
 300.000000 1228.911011
 301.000000 1228.883545
 302.000000 1228.914062
 303.000000 1228.944458
 304.000000 1228.944458
 305.000000 1229.017578
 306.000000 1229.029785
 307.000000 1228.968872
 308.000000 1228.999268
 309.000000 1229.038940
 310.000000 1229.038940
 311.000000 1228.883545
 312.000000 1228.834717
 313.000000 1228.886597
 314.000000 1229.054199
 315.000000 1229.133423
 316.000000 1229.206665
 317.000000 1229.206665
 318.000000 1229.243164
 319.000000 1229.267578
 320.000000 1229.270630
 321.000000 1229.322388
 322.000000 1229.386353
 323.000000 1229.386353
 324.000000 1229.432129
 325.000000 1229.456543
 326.000000 1229.502319
 327.000000 1229.551025
 328.000000 1229.569336
 329.000000 1229.529663
 330.000000 1229.618042
 331.000000 1229.694214
 332.000000 1229.697266
 333.000000 1229.773560
 334.000000 1229.813232
 335.000000 1229.819214
 336.000000 1229.849731
 337.000000 1229.831421
 338.000000 1229.910645
 339.000000 1229.919800
 340.000000 1229.983765
 341.000000 1229.983765
 342.000000 1229.932007
 343.000000 1229.999023
 344.000000 1229.992920
 345.000000 1230.029541
 346.000000 1230.111816
 347.000000 1230.105713
 348.000000 1230.163696
 349.000000 1230.136230
 350.000000 1230.172852
 351.000000 1230.224609
 352.000000 1230.209473
 353.000000 1230.194214
 354.000000 1230.230713
 355.000000 1230.282593
 356.000000 1230.309937
 357.000000 1230.380005
 358.000000 1230.373901
 359.000000 1230.373901
 360.000000 1230.447144
 361.000000 1230.453247
 362.000000 1230.428833
 363.000000 1230.477661
 364.000000 1230.541626
 365.000000 1230.602539
 366.000000 1230.617798
 367.000000 1230.605591
 368.000000 1230.639160
 369.000000 1230.666626
 370.000000 1230.730591
 371.000000 1230.791626
 372.000000 1230.791626
 373.000000 1230.815918
 374.000000 1230.843384
 375.000000 1230.846436
 376.000000 1230.822021
 377.000000 1230.873901
 378.000000 1230.867798
 379.000000 1230.943970
 380.000000 1230.928711
 381.000000 1230.950073
 382.000000 1230.995728
 383.000000 1231.020142
 384.000000 1231.010986
 385.000000 1231.017090
 386.000000 1231.047607
 387.000000 1231.041504
 388.000000 1231.114624
 389.000000 1231.260986
 390.000000 1231.260986
 391.000000 1231.145142
 392.000000 1231.111572
 393.000000 1231.184814
 394.000000 1231.224365
 395.000000 1231.328003
 396.000000 1231.328003
 397.000000 1231.315796
 398.000000 1231.306641
 399.000000 1231.306641
 400.000000 1231.251831
 401.000000 1231.321899
 402.000000 1231.276245
 403.000000 1231.245728
 404.000000 1231.184814
 405.000000 1231.145142
 406.000000 1231.166504
 407.000000 1231.257935
 408.000000 1231.398071
 409.000000 1231.459106
 410.000000 1231.462158
 411.000000 1231.483521
 412.000000 1231.495728
 413.000000 1231.440796
 414.000000 1231.486572
 415.000000 1231.453003
 416.000000 1231.483521
 417.000000 1231.617554
 418.000000 1231.626709
 419.000000 1231.699829
 420.000000 1231.885864
 421.000000 1231.885864
 422.000000 1232.218018
 423.000000 1232.556396
 424.000000 1232.797119
 425.000000 1232.976929
 426.000000 1233.129395
 427.000000 1233.129395
 428.000000 1233.607910
 429.000000 1233.556152
 430.000000 1233.970581
 431.000000 1234.330200
 432.000000 1234.473633
 433.000000 1234.796631
 434.000000 1235.055664
 435.000000 1235.488525
 436.000000 1235.519043
 437.000000 1235.555542
 438.000000 1235.537354
 439.000000 1235.729370
 440.000000 1235.963989
 441.000000 1236.655884
 442.000000 1237.274658
 443.000000 1237.335571
 444.000000 1237.780640
 445.000000 1237.780640
 446.000000 1238.591431
 447.000000 1238.676758
 448.000000 1239.194946
 449.000000 1239.161377
 450.000000 1239.661255
 451.000000 1239.661255
 452.000000 1239.898926
 453.000000 1240.142822
 454.000000 1239.609375
 455.000000 1239.999512
 456.000000 1239.941650
 457.000000 1240.417236
 458.000000 1240.304321
 459.000000 1240.657959
 460.000000 1240.536011
 461.000000 1241.045044
 462.000000 1241.032837
 463.000000 1241.730835
 464.000000 1242.233765
 465.000000 1242.282471
 466.000000 1243.270020
 467.000000 1243.266968
 468.000000 1243.897949
 469.000000 1243.919312
 470.000000 1244.419189
 471.000000 1244.385620
 472.000000 1245.083618
 473.000000 1245.617065
 474.000000 1245.687134
 475.000000 1246.296753
 476.000000 1246.296753
 477.000000 1246.869751
 478.000000 1246.903198
 479.000000 1246.945923
 480.000000 1246.869751
 481.000000 1247.381836
 482.000000 1247.381836
 483.000000 1247.884766
 484.000000 1248.473022
 485.000000 1248.509644
 486.000000 1249.381348
 487.000000 1249.387451
 488.000000 1250.021484
 489.000000 1249.978760
 490.000000 1250.509155
 491.000000 1250.515259
 492.000000 1251.210083
 493.000000 1251.176636
 494.000000 1251.642944
 495.000000 1252.087891
 496.000000 1252.109375
 497.000000 1252.505493
 498.000000 1252.252563
 499.000000 1252.514648
