 0.000000 1225.317383
 1.000294 1225.417847
 2.000589 1225.442261
 3.000883 1225.463623
 4.001178 1225.478882
 5.001472 1225.524658
 6.001767 1225.521606
 7.002061 1225.573364
 8.002356 1225.625244
 8.539063 1225.625244
 9.539357 1225.546021
 10.539652 1225.488037
 11.539946 1225.466675
 12.540241 1225.381348
 13.540535 1225.296021
 14.540830 1225.256470
 15.541124 1225.167969
 16.541419 1225.143555
 17.541713 1225.180176
 18.542008 1225.329590
 19.542302 1225.350830
 20.494968 1225.180176
 21.495262 1225.204590
 22.495557 1225.192383
 23.495851 1225.180176
 24.496146 1225.180176
 25.496440 1225.177124
 26.496735 1225.149658
 27.497029 1225.119263
 28.497324 1225.161865
 29.497618 1225.201538
 30.492124 1225.183228
 31.492418 1225.174072
 32.492713 1225.164917
 33.493007 1225.164917
 34.493302 1225.195435
 35.493596 1225.219849
 36.493891 1225.201538
 37.494185 1225.201538
 38.494480 1225.180176
 39.494774 1225.201538
 40.495068 1225.219849
 41.495363 1225.244263
 41.719834 1225.241211
 42.720129 1225.219849
 43.720423 1225.213745
 44.720718 1225.198486
 45.721012 1225.210693
 46.721307 1225.198486
 47.721601 1225.256470
 48.721896 1225.225952
 49.722190 1225.225952
 50.722485 1225.256470
 51.722779 1225.308228
 52.723074 1225.314331
 53.156497 1225.302124
 54.156791 1225.302124
 55.157086 1225.289917
 56.157380 1225.338623
 57.157675 1225.250366
 58.157969 1225.320435
 59.158264 1225.259399
 60.158558 1225.259399
 61.158853 1225.171021
 62.159147 1225.186279
 63.159441 1225.192383
 64.159736 1225.198486
 64.595221 1225.198486
 65.595515 1225.195435
 66.595810 1225.225952
 67.596104 1225.238159
 68.596399 1225.238159
 69.596693 1225.201538
 70.596988 1225.213745
 71.597282 1225.238159
 72.597577 1225.229004
 73.597871 1225.253418
 74.598166 1225.311279
 75.598460 1225.372192
 75.949303 1225.372192
 76.949597 1225.491089
 77.949892 1225.570312
 78.950186 1225.692261
 79.950481 1225.701416
 80.950775 1225.774536
 81.951070 1225.908691
 82.951364 1225.954346
 83.951659 1225.942261
 84.951953 1225.927002
 85.952248 1225.917847
 86.952542 1225.896484
 87.286373 1225.896484
 88.286668 1226.073242
 89.286962 1226.149414
 90.287257 1226.128174
 91.287551 1226.231812
 92.287846 1226.289673
 93.288140 1226.417603
 94.288435 1226.448120
 95.288729 1226.359741
 96.289024 1226.359741
 97.289318 1226.396362
 98.289613 1226.411499
 98.398506 1226.411499
 99.398800 1226.295776
 100.399095 1226.057983
 101.399389 1226.082397
 102.399684 1226.103760
 103.399978 1226.085449
 104.400273 1226.140259
 105.400567 1226.271362
 106.400862 1226.335327
 107.401156 1226.420654
 108.401451 1226.475586
 108.950367 1226.475586
 109.950661 1226.438965
 110.950956 1226.463379
 111.951250 1226.576172
 112.951545 1226.585327
 113.951839 1226.557861
 114.952134 1226.570068
 115.952428 1226.625000
 116.952723 1226.655396
 117.083564 1226.655396
 118.083859 1226.682861
 119.084153 1226.676758
 120.084448 1226.643188
 121.084742 1226.676758
 122.085037 1226.582275
 123.085331 1226.432861
 124.085626 1226.326172
 125.085920 1226.189087
 125.433842 1226.231812
 126.434136 1226.176880
 127.434431 1226.204346
 128.434725 1226.423706
 129.435020 1226.408447
 130.435314 1226.323242
 131.435609 1226.298828
 132.435903 1226.317139
 133.436198 1226.350586
 134.436492 1226.320190
 135.436787 1226.329224
 135.637735 1226.405396
 136.638030 1226.405396
 137.638324 1226.371948
 138.638619 1226.381104
 139.638913 1226.314087
 140.639208 1226.225708
 141.639502 1226.256104
 142.639797 1226.161621
 143.640091 1226.064087
 144.640386 1226.009277
 145.640680 1225.969604
 146.640975 1225.923950
 147.580417 1225.890381
 148.580712 1225.927002
 149.581006 1225.920898
 150.581301 1225.927002
 151.466411 1225.884277
 152.466706 1225.829468
 153.467000 1225.802002
 154.467295 1225.734863
 155.467589 1225.728760
 156.467884 1225.609985
 157.468178 1225.555176
 158.468473 1225.509399
 159.468767 1225.582520
 160.469062 1225.606934
 161.469356 1225.454468
 161.563887 1225.454468
 162.564182 1225.521606
 163.564476 1225.497192
 164.564771 1225.478882
 165.565065 1225.777588
 166.565360 1225.710571
 167.565654 1225.673950
 168.565949 1225.673950
 169.566243 1225.600830
 170.566538 1225.613037
 171.566832 1225.594727
 172.567127 1225.625244
 172.821595 1225.625244
 173.821890 1225.600830
 174.822184 1225.859985
 175.822479 1225.454468
 176.822773 1225.481934
 177.823068 1225.567261
 178.823362 1225.533813
 179.823657 1225.481934
 180.823951 1225.506348
 181.824246 1225.494141
 182.824540 1225.484985
